0;35.5
1;-1.0
2;-1.0
3;-1.0
4;-1.0
5;35.5
6;35.5
7;16.5
8;16.5
9;21.5
10;21.5
11;21.5
12;21.5
13;23.5
14;23.5
15;23.5
16;23.5
17;23.5
18;23.5
19;23.5
20;23.5
21;23.5
22;23.5
23;23.5
24;23.5
25;23.5
26;23.5
27;23.5
28;23.5
29;23.5
30;23.5
31;23.5
32;23.5
33;23.5
34;23.5
35;23.5
36;23.5
37;23.5
38;23.5
39;23.5
40;23.5
41;23.5
42;23.5
43;23.5
44;23.5
45;23.5
46;-1.0
47;-1.0
48;-1.0
49;35.5
50;35.5
51;35.5
52;35.5
53;35.5
54;35.5
55;35.5
56;35.5
57;35.5
58;35.5
59;37.0
60;37.0
61;37.0
62;37.0
63;37.0
64;37.0
65;37.0
66;37.0
67;37.0
68;37.0
69;37.0
70;37.0
71;37.0
72;37.0
73;37.0
74;37.0
75;37.0
76;37.0
77;37.0
78;37.0
79;37.0
80;37.0
81;37.0
82;37.0
83;37.0
84;37.0
85;37.0
86;37.0
87;37.0
88;37.0
89;37.0
90;37.0
91;37.0
92;37.0
93;37.0
94;35.5
95;-1.0
96;35.5
97;35.5
98;-1.0
99;-1.0
100;35.5
101;35.5
102;35.5
103;35.5
104;35.5
105;35.5
106;35.5
107;35.5
108;32.5
109;32.5
110;35.0
111;35.0
112;35.0
113;35.0
114;35.0
115;35.0
116;35.0
117;35.0
118;35.0
119;35.0
120;35.0
121;35.0
122;35.0
123;35.0
124;35.0
125;35.0
126;35.0
127;35.0
128;35.0
129;35.0
130;35.0
131;35.0
132;35.0
133;35.0
134;35.0
135;35.0
136;35.0
137;35.0
138;35.0
139;-1.0
140;35.5
141;35.5
142;-1.0
143;34.5
144;34.5
145;34.5
146;34.5
147;34.5
148;34.5
149;34.5
150;34.5
151;36.0
152;36.0
153;36.0
154;36.0
155;36.0
156;36.0
157;36.0
158;36.0
159;36.0
160;36.0
161;36.0
162;36.0
163;36.0
164;36.0
165;36.0
166;36.0
167;36.0
168;36.0
169;36.0
170;36.0
171;36.0
172;36.0
173;36.0
174;36.0
175;36.0
176;36.0
177;36.0
178;36.0
179;36.0
180;36.0
181;36.0
182;36.0
183;36.0
184;36.0
185;36.0
186;36.0
187;-1.0
188;-1.0
189;-1.0
190;-1.0
191;-1.0
192;37.5
193;37.5
194;37.5
195;34.5
196;34.5
197;34.5
198;34.5
199;34.5
200;34.5
201;34.5
202;34.5
203;34.5
204;34.5
205;34.5
206;34.5
207;34.5
208;34.5
209;34.5
210;34.5
211;34.5
212;34.5
213;34.5
214;34.5
215;34.5
216;34.5
217;34.5
218;34.5
219;34.5
220;34.5
221;34.5
222;34.5
223;34.5
224;34.5
225;34.5
226;34.5
227;34.5
228;34.5
229;34.5
230;34.5
231;34.5
232;34.5
233;34.5
234;34.5
235;34.5
236;34.5
237;35.5
238;-1.0
239;-1.0
240;35.5
241;-1.0
242;-1.0
243;35.5
244;35.5
245;35.5
246;32.5
247;32.5
248;32.5
249;32.5
250;32.5
251;32.5
252;35.5
253;35.5
254;35.5
255;35.5
256;35.5
257;35.5
258;35.5
259;35.5
260;35.5
261;35.5
262;35.5
263;35.5
264;35.5
265;35.5
266;35.5
267;35.5
268;35.5
269;35.5
270;35.5
271;35.5
272;35.5
273;35.5
274;35.5
275;35.5
276;35.5
277;35.5
278;35.5
279;35.5
280;35.5
281;35.5
282;-1.0
283;-1.0
284;35.5
285;35.5
286;35.5
287;35.5
288;37.0
289;37.0
290;37.0
291;37.0
292;37.0
293;37.0
294;37.0
295;37.0
296;37.0
297;37.0
298;37.0
299;37.0
300;37.0
301;37.0
302;37.0
303;37.0
304;37.0
305;37.0
306;37.0
307;37.0
308;37.0
309;37.0
310;37.0
311;37.0
312;37.0
313;37.0
314;37.0
315;37.0
316;37.0
317;37.0
318;37.0
319;37.0
320;37.0
321;37.0
322;37.0
323;37.0
324;37.0
325;37.0
326;-1.0
327;35.5
328;-1.0
329;35.5
330;-1.0
331;35.5
332;35.5
333;-1.0
334;35.5
335;35.5
336;35.5
337;35.5
338;35.5
339;35.5
340;32.5
341;35.5
342;35.5
343;35.5
344;35.5
345;35.5
346;35.5
347;35.5
348;35.5
349;35.5
350;35.5
351;35.5
352;35.5
353;35.5
354;35.5
355;35.5
356;35.5
357;35.5
358;35.5
359;35.5
360;35.5
361;35.5
362;35.5
363;35.5
364;35.5
365;35.5
366;35.5
367;35.5
368;35.5
369;35.5
370;35.5
371;35.5
372;35.5
373;35.5
374;35.5
375;35.5
376;35.5
377;35.5
378;35.5
379;35.5
380;-1.0
381;35.5
382;35.5
383;37.5
384;-1.0
385;-1.0
386;37.5
387;37.5
388;37.5
389;34.5
390;34.5
391;34.5
392;34.5
393;34.5
394;34.5
395;34.5
396;34.5
397;34.5
398;34.5
399;34.5
400;34.5
401;34.5
402;34.5
403;34.5
404;34.5
405;34.5
406;34.5
407;34.5
408;34.5
409;34.5
410;34.5
411;34.5
412;34.5
413;34.5
414;34.5
415;34.5
416;34.5
417;-1.0
418;35.5
419;35.5
420;32.5
421;32.5
422;32.5
423;32.5
424;32.5
425;32.5
426;32.5
427;32.5
428;32.5
429;32.5
430;32.5
431;32.5
432;32.5
433;32.5
434;32.5
435;32.5
436;32.5
437;32.5
438;32.5
439;32.5
440;32.5
441;32.5
442;32.5
443;32.5
444;32.5
445;32.5
446;32.5
447;32.5
448;32.5
449;32.5
450;32.5
451;32.5
452;32.5
453;32.5
454;32.5
455;35.5
456;-1.0
457;-1.0
458;-1.0
459;35.5
460;35.5
461;35.5
462;35.5
463;37.0
464;35.5
465;35.5
466;35.5
467;35.5
468;35.5
469;35.5
470;35.5
471;35.5
472;35.5
473;35.5
474;35.5
475;35.5
476;35.5
477;35.5
478;35.5
479;35.5
480;35.5
481;35.5
482;35.5
483;35.5
484;35.5
485;35.5
486;35.5
487;35.5
488;35.5
489;35.5
490;35.5
491;35.5
492;35.5
493;35.5
494;35.5
495;35.5
496;35.5
497;-1.0
498;-1.0
499;-1.0
500;33.5
501;16.5
502;-1.0
503;-1.0
504;16.5
505;16.5
506;16.5
507;16.5
508;18.0
509;18.0
510;18.0
511;18.0
512;18.0
513;18.0
514;18.0
515;18.0
516;18.0
517;18.0
518;18.0
519;18.0
520;18.0
521;18.0
522;18.0
523;18.0
524;18.0
525;18.0
526;18.0
527;18.0
528;18.0
529;18.0
530;18.0
531;18.0
532;18.0
533;18.0
534;18.0
535;18.0
536;18.0
537;18.0
538;18.0
539;18.0
540;18.0
541;18.0
542;18.0
543;18.0
544;18.0
545;18.0
546;18.0
547;18.0
548;18.0
549;18.0
550;18.0
551;18.0
552;-1.0
553;-1.0
554;-1.0
555;-1.0
556;34.5
557;34.5
558;35.5
559;35.5
560;35.5
561;32.5
562;32.5
563;32.5
564;32.5
565;32.5
566;32.5
567;32.5
568;32.5
569;32.5
570;32.5
571;32.5
572;32.5
573;32.5
574;32.5
575;32.5
576;32.5
577;32.5
578;32.5
579;32.5
580;32.5
581;32.5
582;32.5
583;32.5
584;32.5
585;32.5
586;32.5
587;32.5
588;32.5
589;32.5
590;32.5
591;32.5
592;32.5
593;32.5
594;32.5
595;32.5
596;32.5
597;32.5
598;-1.0
599;-1.0
600;-1.0
601;-1.0
602;35.5
603;-1.0
604;35.5
605;35.5
606;35.5
607;35.5
608;35.5
609;35.5
610;35.5
611;35.5
612;35.5
613;35.5
614;35.5
615;35.5
616;35.5
617;35.5
618;35.5
619;35.5
620;35.5
621;35.5
622;35.5
623;35.5
624;35.5
625;35.5
626;35.5
627;35.5
628;35.5
629;35.5
630;35.5
631;35.5
632;35.5
633;35.5
634;35.5
635;35.5
636;35.5
637;35.5
638;35.5
639;35.5
640;-1.0
641;-1.0
642;35.5
643;35.5
644;35.5
645;35.5
646;37.0
647;37.0
648;37.0
649;37.0
650;37.0
651;37.0
652;37.0
653;37.0
654;37.0
655;37.0
656;37.0
657;37.0
658;37.0
659;37.0
660;37.0
661;37.0
662;37.0
663;37.0
664;37.0
665;37.0
666;37.0
667;37.0
668;37.0
669;37.0
670;37.0
671;37.0
672;37.0
673;37.0
674;37.0
675;37.0
676;37.0
677;37.0
678;37.0
679;37.0
680;37.0
681;37.0
682;37.0
683;37.0
684;37.0
685;35.5
686;-1.0
687;-1.0
688;-1.0
689;35.5
690;35.5
691;36.5
692;36.5
693;-1.0
694;36.5
695;38.0
696;38.0
697;38.0
698;38.0
699;38.0
700;38.0
701;38.0
702;38.0
703;38.0
704;38.0
705;38.0
706;38.0
707;38.0
708;38.0
709;38.0
710;38.0
711;38.0
712;38.0
713;38.0
714;38.0
715;38.0
716;38.0
717;38.0
718;38.0
719;38.0
720;38.0
721;38.0
722;38.0
723;38.0
724;38.0
725;38.0
726;38.0
727;38.0
728;38.0
729;-1.0
730;-1.0
731;-1.0
732;35.5
733;-1.0
734;-1.0
735;35.5
736;-1.0
737;-1.0
738;-1.0
739;35.5
740;37.0
741;37.0
742;37.0
743;37.0
744;37.0
745;37.0
746;37.0
747;37.0
748;37.0
749;37.0
750;37.0
751;37.0
752;37.0
753;37.0
754;37.0
755;37.0
756;37.0
757;37.0
758;37.0
759;37.0
760;37.0
761;37.0
762;37.0
763;37.0
764;37.0
765;37.0
766;37.0
767;37.0
768;37.0
769;37.0
770;37.0
771;37.0
772;37.0
773;35.5
774;-1.0
775;-1.0
776;35.5
777;-1.0
778;-1.0
779;-1.0
780;-1.0
781;36.5
782;36.5
783;-1.0
784;36.5
785;38.0
786;38.5
787;38.5
788;38.5
789;38.5
790;38.5
791;38.5
792;38.5
793;38.5
794;38.5
795;38.5
796;38.5
797;38.5
798;38.5
799;38.5
800;38.5
801;38.5
802;38.5
803;38.5
804;38.5
805;38.5
806;38.5
807;38.5
808;38.5
809;38.5
810;38.5
811;38.5
812;38.5
813;38.5
814;38.5
815;-1.0
816;-1.0
817;-1.0
818;35.5
819;-1.0
820;16.5
821;-1.0
822;35.5
823;-1.0
824;35.5
825;32.5
826;32.5
827;35.5
828;35.5
829;35.5
830;35.5
831;35.5
832;35.5
833;35.5
834;35.5
835;35.5
836;35.5
837;35.5
838;35.5
839;35.5
840;35.5
841;35.5
842;35.5
843;35.5
844;35.5
845;35.5
846;35.5
847;35.5
848;35.5
849;35.5
850;35.5
851;35.5
852;35.5
853;35.5
854;35.5
855;35.5
856;35.5
857;35.5
858;35.5
859;35.5
860;35.5
861;35.5
862;35.5
863;35.5
864;35.5
865;-1.0
866;33.5
867;33.5
868;33.5
869;-1.0
870;33.5
871;-1.0
872;33.5
873;33.5
874;33.5
875;33.5
876;33.5
877;33.5
878;33.5
879;33.5
880;33.5
881;33.5
882;33.5
883;33.5
884;33.5
885;33.5
886;33.5
887;33.5
888;33.5
889;33.5
890;33.5
891;33.5
892;33.5
893;33.5
894;33.5
895;33.5
896;33.5
897;33.5
898;33.5
899;33.5
900;33.5
901;33.5
902;33.5
903;33.5
904;33.5
905;33.5
906;33.5
907;33.5
908;33.5
909;33.5
910;-1.0
911;-1.0
912;-1.0
913;-1.0
914;-1.0
915;-1.0
916;-1.0
917;33.5
918;-1.0
919;35.0
920;35.0
921;35.0
922;35.5
923;35.5
924;35.5
925;35.5
926;35.5
927;35.5
928;35.5
929;35.5
930;35.5
931;35.5
932;35.5
933;35.5
934;35.5
935;35.5
936;35.5
937;35.5
938;35.5
939;35.5
940;35.5
941;35.5
942;35.5
943;35.5
944;35.5
945;35.5
946;35.5
947;35.5
948;35.5
949;35.5
950;35.5
951;35.5
952;35.5
953;35.5
954;35.5
955;35.5
956;35.5
957;35.5
958;-1.0
959;-1.0
960;35.5
961;-1.0
962;35.5
963;35.5
964;37.0
965;37.0
966;37.5
967;37.0
968;37.0
969;37.0
970;37.0
971;37.0
972;37.0
973;37.0
974;37.0
975;37.0
976;37.0
977;37.0
978;37.0
979;37.0
980;37.0
981;37.0
982;37.0
983;37.0
984;37.0
985;37.0
986;37.0
987;37.0
988;37.0
989;37.0
990;37.0
991;37.0
992;37.0
993;37.0
994;37.0
995;37.0
996;37.0
997;37.0
998;37.0
999;-1.0
1000;35.5
1001;-1.0
1002;-1.0
1003;-1.0
1004;35.5
1005;-1.0
1006;-1.0
1007;35.5
1008;35.5
1009;35.5
1010;35.5
1011;35.5
1012;36.0
1013;36.0
1014;36.0
1015;36.0
1016;36.0
1017;36.0
1018;36.0
1019;36.0
1020;36.0
1021;36.0
1022;36.0
1023;36.0
1024;36.0
1025;36.0
1026;36.0
1027;36.0
1028;36.0
1029;36.0
1030;36.0
1031;36.0
1032;36.0
1033;36.0
1034;36.0
1035;36.0
1036;36.0
1037;36.0
1038;36.0
1039;36.0
1040;36.0
1041;-1.0
1042;-1.0
1043;35.5
1044;-1.0
1045;-1.0
1046;-1.0
1047;-1.0
1048;36.5
1049;-1.0
1050;36.5
1051;36.5
1052;38.0
1053;36.5
1054;36.5
1055;36.5
1056;36.5
1057;36.5
1058;36.5
1059;36.5
1060;36.5
1061;36.5
1062;36.5
1063;36.5
1064;36.5
1065;36.5
1066;36.5
1067;36.5
1068;36.5
1069;36.5
1070;36.5
1071;36.5
1072;36.5
1073;36.5
1074;36.5
1075;36.5
1076;36.5
1077;36.5
1078;36.5
1079;36.5
1080;36.5
1081;36.5
1082;36.5
1083;36.5
1084;36.5
1085;36.5
1086;36.5
1087;36.5
1088;36.5
1089;36.5
1090;36.5
1091;36.5
1092;36.5
1093;35.5
1094;35.5
1095;-1.0
1096;35.5
1097;-1.0
1098;-1.0
1099;35.5
1100;35.5
1101;35.5
1102;35.5
1103;37.0
1104;37.0
1105;37.0
1106;37.0
1107;37.0
1108;37.0
1109;37.0
1110;37.0
1111;37.0
1112;37.0
1113;37.0
1114;37.0
1115;37.0
1116;37.0
1117;37.0
1118;37.0
1119;37.0
1120;37.0
1121;37.0
1122;37.0
1123;37.0
1124;37.0
1125;37.0
1126;37.0
1127;37.0
1128;37.0
1129;37.0
1130;37.0
1131;37.0
1132;37.0
1133;37.0
1134;37.0
1135;37.0
1136;37.0
1137;37.0
1138;37.0
1139;37.0
1140;37.0
1141;37.0
1142;-1.0
1143;-1.0
1144;-1.0
1145;-1.0
1146;-1.0
1147;-1.0
1148;-1.0
1149;35.5
1150;35.5
1151;35.5
1152;35.5
1153;35.5
1154;35.5
1155;35.5
1156;35.5
1157;35.5
1158;35.5
1159;35.5
1160;35.5
1161;35.5
1162;35.5
1163;35.5
1164;35.5
1165;35.5
1166;35.5
1167;35.5
1168;35.5
1169;35.5
1170;35.5
1171;35.5
1172;35.5
1173;35.5
1174;35.5
1175;35.5
1176;35.5
1177;35.5
1178;35.5
1179;35.5
1180;35.5
1181;35.5
1182;35.5
1183;35.5
1184;35.5
1185;35.5
1186;35.5
1187;35.5
1188;35.5
1189;35.5
1190;-1.0
1191;-1.0
1192;-1.0
1193;-1.0
1194;35.5
1195;35.5
1196;-1.0
1197;35.5
1198;35.5
1199;35.5
1200;35.5
1201;37.0
1202;37.0
1203;37.0
1204;37.0
1205;37.0
1206;37.0
1207;37.0
1208;37.0
1209;37.0
1210;37.0
1211;37.0
1212;37.0
1213;37.0
1214;37.0
1215;37.0
1216;37.0
1217;37.0
1218;37.0
1219;37.0
1220;37.0
1221;37.0
1222;37.0
1223;37.0
1224;37.0
1225;37.0
1226;37.0
1227;37.0
1228;37.0
1229;35.5
1230;35.5
1231;-1.0
1232;-1.0
1233;35.5
1234;-1.0
1235;35.5
1236;35.5
1237;35.5
1238;35.5
1239;37.0
1240;37.0
1241;35.5
1242;35.5
1243;35.5
1244;32.5
1245;32.5
1246;32.5
1247;32.5
1248;32.5
1249;32.5
1250;32.5
1251;32.5
1252;32.5
1253;32.5
1254;32.5
1255;32.5
1256;32.5
1257;32.5
1258;32.5
1259;32.5
1260;32.5
1261;32.5
1262;32.5
1263;32.5
1264;32.5
1265;32.5
1266;32.5
1267;32.5
1268;32.5
1269;32.5
1270;32.5
1271;32.5
1272;32.5
1273;32.5
1274;32.5
1275;35.5
1276;-1.0
1277;35.5
1278;35.5
1279;-1.0
1280;-1.0
1281;35.5
1282;35.5
1283;37.0
1284;37.0
1285;37.0
1286;37.0
1287;37.0
1288;37.0
1289;37.0
1290;37.0
1291;37.0
1292;37.0
1293;37.0
1294;37.0
1295;37.0
1296;37.0
1297;37.0
1298;37.0
1299;37.0
1300;37.0
1301;37.0
1302;37.0
1303;37.0
1304;37.0
1305;37.0
1306;37.0
1307;37.0
1308;37.0
1309;37.0
1310;37.0
1311;37.0
1312;37.0
1313;37.0
1314;37.0
1315;37.0
1316;37.0
1317;37.0
1318;37.0
1319;37.0
1320;37.0
1321;35.5
1322;35.5
1323;35.5
1324;35.5
1325;35.5
1326;-1.0
1327;37.0
1328;37.0
1329;37.0
1330;37.5
1331;37.5
1332;37.5
1333;37.5
1334;37.5
1335;37.5
1336;37.5
1337;37.5
1338;37.5
1339;37.5
1340;37.5
1341;37.5
1342;37.5
1343;37.5
1344;37.5
1345;37.5
1346;37.5
1347;37.5
1348;37.5
1349;37.5
1350;37.5
1351;37.5
1352;37.5
1353;37.5
1354;37.5
1355;37.5
1356;37.5
1357;37.5
1358;37.5
1359;-1.0
1360;-1.0
1361;-1.0
1362;-1.0
1363;35.5
1364;35.5
1365;35.5
1366;37.0
1367;37.0
1368;37.0
1369;37.0
1370;37.0
1371;37.0
1372;37.0
1373;37.0
1374;37.0
1375;37.0
1376;37.0
1377;37.0
1378;37.0
1379;37.0
1380;37.0
1381;37.0
1382;37.0
1383;37.0
1384;37.0
1385;37.0
1386;37.0
1387;37.0
1388;37.0
1389;37.0
1390;37.0
1391;37.0
1392;37.0
1393;37.0
1394;37.0
1395;37.0
1396;37.0
1397;37.0
1398;37.0
1399;37.0
1400;37.0
1401;37.0
1402;37.0
1403;35.5
1404;35.5
1405;34.5
1406;-1.0
1407;34.5
1408;33.5
1409;30.5
1410;29.5
1411;30.5
1412;30.5
1413;30.5
1414;33.5
1415;33.5
1416;33.5
1417;33.5
1418;33.5
1419;33.5
1420;33.5
1421;33.5
1422;33.5
1423;33.5
1424;33.5
1425;33.5
1426;33.5
1427;33.5
1428;33.5
1429;33.5
1430;33.5
1431;33.5
1432;33.5
1433;33.5
1434;33.5
1435;33.5
1436;33.5
1437;33.5
1438;33.5
1439;33.5
1440;33.5
1441;33.5
1442;33.5
1443;33.5
1444;-1.0
1445;-1.0
1446;-1.0
1447;35.5
1448;-1.0
1449;-1.0
1450;37.0
1451;37.0
1452;37.5
1453;37.5
1454;37.5
1455;37.5
1456;37.5
1457;37.5
1458;37.5
1459;37.5
1460;37.5
1461;37.5
1462;37.5
1463;37.5
1464;37.5
1465;37.5
1466;37.5
1467;37.5
1468;37.5
1469;37.5
1470;37.5
1471;37.5
1472;37.5
1473;37.5
1474;37.5
1475;37.5
1476;37.5
1477;37.5
1478;37.5
1479;37.5
1480;37.5
1481;37.5
1482;37.5
1483;37.5
1484;37.5
1485;-1.0
1486;35.5
1487;-1.0
1488;-1.0
1489;-1.0
1490;-1.0
1491;-1.0
1492;35.5
1493;35.5
1494;35.5
1495;35.5
1496;35.5
1497;37.0
1498;37.0
1499;37.0
1500;35.5
1501;33.0
1502;33.0
1503;34.5
1504;34.5
1505;34.5
1506;34.5
1507;34.5
1508;34.5
1509;34.5
1510;34.5
1511;34.5
1512;34.5
1513;34.5
1514;34.5
1515;34.5
1516;34.5
1517;34.5
1518;34.5
1519;34.5
1520;34.5
1521;34.5
1522;34.5
1523;34.5
1524;34.5
1525;34.5
1526;34.5
1527;34.5
1528;34.5
1529;34.5
1530;34.5
1531;34.5
1532;34.5
1533;34.5
1534;34.5
1535;34.5
1536;35.5
1537;35.5
1538;-1.0
1539;-1.0
1540;-1.0
1541;35.5
1542;-1.0
1543;-1.0
1544;35.5
1545;-1.0
1546;35.5
1547;37.0
1548;35.5
1549;35.5
1550;35.5
1551;35.5
1552;35.5
1553;35.5
1554;35.5
1555;35.5
1556;35.5
1557;35.5
1558;35.5
1559;35.5
1560;35.5
1561;35.5
1562;35.5
1563;35.5
1564;35.5
1565;35.5
1566;35.5
1567;35.5
1568;35.5
1569;35.5
1570;35.5
1571;35.5
1572;35.5
1573;35.5
1574;35.5
1575;35.5
1576;35.5
1577;35.5
1578;35.5
1579;35.5
1580;35.5
1581;-1.0
1582;35.5
1583;35.5
1584;-1.0
1585;-1.0
1586;37.5
1587;37.5
1588;39.0
1589;39.0
1590;39.0
1591;39.5
1592;39.5
1593;39.5
1594;39.5
1595;39.5
1596;39.5
1597;39.5
1598;39.5
1599;39.5
1600;39.5
1601;39.5
1602;39.5
1603;39.5
1604;39.5
1605;39.5
1606;39.5
1607;39.5
1608;39.5
1609;39.5
1610;39.5
1611;39.5
1612;39.5
1613;39.5
1614;39.5
1615;39.5
1616;39.5
1617;39.5
1618;39.5
1619;39.5
1620;39.5
1621;39.5
1622;39.5
1623;39.5
1624;-1.0
1625;35.5
1626;35.5
1627;35.5
1628;35.5
1629;-1.0
1630;35.5
1631;-1.0
1632;35.5
1633;35.5
1634;35.5
1635;35.5
1636;35.5
1637;35.5
1638;35.5
1639;35.5
1640;35.5
1641;35.5
1642;35.5
1643;35.5
1644;35.5
1645;35.5
1646;35.5
1647;35.5
1648;35.5
1649;35.5
1650;35.5
1651;35.5
1652;35.5
1653;35.5
1654;35.5
1655;35.5
1656;35.5
1657;35.5
1658;35.5
1659;35.5
1660;35.5
1661;35.5
1662;35.5
1663;35.5
1664;35.5
1665;35.5
1666;35.5
1667;35.5
1668;35.5
1669;35.5
1670;35.5
1671;35.5
1672;35.5
1673;35.5
1674;35.5
1675;35.5
1676;-1.0
1677;35.5
1678;-1.0
1679;-1.0
1680;-1.0
1681;16.5
1682;-1.0
1683;-1.0
1684;16.5
1685;16.5
1686;16.5
1687;16.5
1688;16.5
1689;21.5
1690;21.5
1691;21.5
1692;21.5
1693;21.5
1694;21.5
1695;21.5
1696;21.5
1697;21.5
1698;21.5
1699;21.5
1700;21.5
1701;21.5
1702;21.5
1703;21.5
1704;21.5
1705;21.5
1706;21.5
1707;21.5
1708;21.5
1709;21.5
1710;21.5
1711;21.5
1712;21.5
1713;21.5
1714;21.5
1715;21.5
1716;21.5
1717;21.5
1718;21.5
1719;21.5
1720;21.5
1721;21.5
1722;21.5
1723;21.5
1724;21.5
1725;-1.0
1726;-1.0
1727;-1.0
1728;-1.0
1729;35.5
1730;33.5
1731;33.5
1732;33.5
1733;33.5
1734;33.5
1735;33.5
1736;31.0
1737;31.0
1738;31.0
1739;31.0
1740;31.0
1741;31.0
1742;31.0
1743;31.0
1744;31.0
1745;31.0
1746;31.0
1747;31.0
1748;31.0
1749;31.0
1750;31.0
1751;31.0
1752;31.0
1753;31.0
1754;31.0
1755;31.0
1756;31.0
1757;31.0
1758;31.0
1759;31.0
1760;31.0
1761;31.0
1762;31.0
1763;31.0
1764;31.0
1765;31.0
1766;31.0
1767;31.0
1768;31.0
1769;31.0
1770;31.0
1771;31.0
1772;-1.0
1773;35.5
1774;35.5
1775;-1.0
1776;-1.0
1777;-1.0
1778;33.5
1779;-1.0
1780;33.5
1781;33.5
1782;33.5
1783;35.0
1784;35.0
1785;35.0
1786;35.0
1787;35.0
1788;35.0
1789;35.0
1790;35.0
1791;35.0
1792;35.0
1793;35.0
1794;35.0
1795;35.0
1796;35.0
1797;35.0
1798;35.0
1799;35.0
1800;35.0
1801;35.0
1802;35.0
1803;35.0
1804;35.0
1805;35.0
1806;35.0
1807;35.0
1808;35.0
1809;35.0
1810;35.0
1811;35.0
1812;35.0
1813;35.0
1814;35.0
1815;35.0
1816;35.0
1817;-1.0
1818;-1.0
1819;-1.0
1820;-1.0
1821;35.5
1822;35.5
1823;35.5
1824;35.5
1825;35.5
1826;32.5
1827;32.5
1828;32.5
1829;35.0
1830;35.0
1831;35.0
1832;35.0
1833;35.0
1834;35.0
1835;35.0
1836;35.0
1837;35.0
1838;35.0
1839;35.0
1840;35.0
1841;35.0
1842;35.0
1843;35.0
1844;35.0
1845;35.0
1846;35.0
1847;35.0
1848;35.0
1849;35.0
1850;35.0
1851;35.0
1852;35.0
1853;35.0
1854;35.0
1855;35.0
1856;35.0
1857;35.0
1858;35.0
1859;35.5
1860;-1.0
1861;-1.0
1862;35.5
1863;35.5
1864;-1.0
1865;35.5
1866;37.0
1867;35.5
1868;35.5
1869;35.5
1870;35.5
1871;35.5
1872;35.5
1873;35.5
1874;35.5
1875;35.5
1876;35.5
1877;35.5
1878;35.5
1879;35.5
1880;35.5
1881;35.5
1882;35.5
1883;35.5
1884;35.5
1885;35.5
1886;35.5
1887;35.5
1888;35.5
1889;35.5
1890;35.5
1891;35.5
1892;35.5
1893;35.5
1894;35.5
1895;35.5
1896;35.5
1897;35.5
1898;35.5
1899;35.5
1900;35.5
1901;35.5
1902;35.5
1903;35.5
1904;35.5
1905;-1.0
1906;-1.0
1907;-1.0
1908;-1.0
1909;-1.0
1910;35.5
1911;35.5
1912;35.5
1913;37.0
1914;37.0
1915;37.0
1916;37.0
1917;37.0
1918;37.0
1919;37.0
1920;37.0
1921;37.0
1922;37.0
1923;37.0
1924;37.0
1925;37.0
1926;37.0
1927;37.0
1928;37.0
1929;37.0
1930;37.0
1931;37.0
1932;37.0
1933;37.0
1934;37.0
1935;37.0
1936;37.0
1937;37.0
1938;37.0
1939;37.0
1940;37.0
1941;37.0
1942;37.0
1943;37.0
1944;37.0
1945;37.0
1946;37.0
1947;37.0
1948;37.0
1949;37.0
1950;37.0
1951;37.0
1952;37.0
1953;-1.0
1954;-1.0
1955;35.5
1956;35.5
1957;16.5
1958;-1.0
1959;16.5
1960;21.5
1961;21.5
1962;21.5
1963;21.5
1964;21.5
1965;21.5
1966;21.5
1967;21.5
1968;21.5
1969;21.5
1970;21.5
1971;21.5
1972;21.5
1973;21.5
1974;21.5
1975;21.5
1976;21.5
1977;21.5
1978;21.5
1979;21.5
1980;21.5
1981;21.5
1982;21.5
1983;21.5
1984;21.5
1985;21.5
1986;21.5
1987;21.5
1988;21.5
1989;21.5
1990;21.5
1991;21.5
1992;21.5
1993;21.5
1994;21.5
1995;21.5
1996;21.5
1997;21.5
1998;-1.0
1999;35.5
2000;35.5
2001;-1.0
2002;-1.0
2003;35.5
2004;-1.0
2005;37.5
2006;35.5
2007;35.5
2008;35.5
2009;32.5
2010;32.5
2011;32.5
2012;33.0
2013;35.5
2014;35.5
2015;35.5
2016;35.5
2017;35.5
2018;35.5
2019;35.5
2020;35.5
2021;35.5
2022;35.5
2023;35.5
2024;35.5
2025;35.5
2026;35.5
2027;35.5
2028;35.5
2029;35.5
2030;35.5
2031;35.5
2032;35.5
2033;35.5
2034;35.5
2035;35.5
2036;35.5
2037;35.5
2038;35.5
2039;35.5
2040;35.5
2041;35.5
2042;35.5
2043;35.5
2044;35.5
2045;-1.0
2046;-1.0
2047;35.5
2048;-1.0
2049;-1.0
2050;33.5
2051;33.5
2052;-1.0
2053;31.5
2054;31.5
2055;31.5
2056;31.5
2057;31.5
2058;31.5
2059;31.5
2060;31.5
2061;31.5
2062;31.5
2063;31.5
2064;31.5
2065;31.5
2066;31.5
2067;31.5
2068;31.5
2069;31.5
2070;31.5
2071;31.5
2072;31.5
2073;31.5
2074;31.5
2075;31.5
2076;31.5
2077;31.5
2078;31.5
2079;31.5
2080;31.5
2081;31.5
2082;31.5
2083;31.5
2084;31.5
2085;31.5
2086;31.5
2087;31.5
2088;31.5
2089;31.5
2090;35.5
2091;35.5
2092;-1.0
2093;-1.0
2094;-1.0
2095;-1.0
2096;-1.0
2097;35.5
2098;36.5
2099;38.0
2100;38.0
2101;38.0
2102;38.0
2103;38.5
2104;38.0
2105;38.0
2106;38.0
2107;38.0
2108;38.0
2109;38.0
2110;38.0
2111;38.0
2112;38.0
2113;38.0
2114;38.0
2115;38.0
2116;38.0
2117;38.0
2118;38.0
2119;38.0
2120;38.0
2121;38.0
2122;38.0
2123;38.0
2124;38.0
2125;38.0
2126;38.0
2127;38.0
2128;38.0
2129;38.0
2130;38.0
2131;38.0
2132;38.0
2133;38.0
2134;38.0
2135;38.0
2136;38.0
2137;38.0
2138;38.0
2139;38.0
2140;38.0
2141;-1.0
2142;-1.0
2143;35.5
2144;35.5
2145;-1.0
2146;35.5
2147;-1.0
2148;35.5
2149;35.5
2150;35.5
2151;37.0
2152;37.0
2153;37.0
2154;37.0
2155;37.0
2156;37.0
2157;37.0
2158;37.0
2159;37.0
2160;37.0
2161;37.0
2162;37.0
2163;37.0
2164;37.0
2165;37.0
2166;37.0
2167;37.0
2168;37.0
2169;37.0
2170;37.0
2171;37.0
2172;37.0
2173;37.0
2174;37.0
2175;37.0
2176;37.0
2177;37.0
2178;37.0
2179;37.0
2180;37.0
2181;37.0
2182;37.0
2183;37.0
2184;37.0
2185;37.0
2186;37.0
2187;37.0
2188;35.5
2189;35.5
2190;35.5
2191;35.5
2192;-1.0
2193;-1.0
2194;36.5
2195;-1.0
2196;38.0
2197;38.0
2198;38.0
2199;38.0
2200;38.0
2201;38.0
2202;38.0
2203;38.0
2204;38.0
2205;38.0
2206;38.0
2207;38.0
2208;38.0
2209;38.0
2210;38.0
2211;38.0
2212;38.0
2213;38.0
2214;38.0
2215;38.0
2216;38.0
2217;38.0
2218;38.0
2219;38.0
2220;38.0
2221;38.0
2222;38.0
2223;38.0
2224;38.0
2225;38.0
2226;38.0
2227;38.0
2228;38.0
2229;38.0
2230;38.0
2231;38.0
2232;38.0
2233;38.0
2234;38.0
2235;38.0
2236;38.0
2237;38.0
2238;35.5
2239;35.5
2240;-1.0
2241;35.5
2242;35.5
2243;35.5
2244;35.5
2245;21.5
2246;33.5
2247;35.0
2248;35.0
2249;35.0
2250;35.0
2251;35.0
2252;35.0
2253;35.0
2254;35.0
2255;35.0
2256;35.0
2257;35.0
2258;35.0
2259;35.0
2260;35.0
2261;35.0
2262;35.0
2263;35.0
2264;35.0
2265;35.0
2266;35.0
2267;35.0
2268;35.0
2269;35.0
2270;35.0
2271;35.0
2272;35.0
2273;35.0
2274;35.0
2275;35.0
2276;35.0
2277;35.0
2278;35.0
2279;35.0
2280;35.0
2281;35.0
2282;-1.0
2283;-1.0
2284;-1.0
2285;35.5
2286;34.5
2287;-1.0
2288;34.5
2289;36.0
2290;36.0
2291;36.0
2292;36.0
2293;36.0
2294;36.0
2295;36.0
2296;36.0
2297;36.0
2298;36.0
2299;36.0
2300;36.0
2301;36.0
2302;36.0
2303;36.0
2304;36.0
2305;36.0
2306;36.0
2307;36.0
2308;36.0
2309;36.0
2310;36.0
2311;36.0
2312;36.0
2313;36.0
2314;36.0
2315;36.0
2316;36.0
2317;36.0
2318;36.0
2319;36.0
2320;36.0
2321;36.0
2322;36.0
2323;36.0
2324;36.0
2325;36.0
2326;-1.0
2327;-1.0
2328;-1.0
2329;35.5
2330;-1.0
2331;-1.0
2332;35.5
2333;37.0
2334;37.0
2335;37.0
2336;37.0
2337;37.0
2338;37.0
2339;37.0
2340;37.0
2341;37.0
2342;37.0
2343;37.0
2344;37.0
2345;37.0
2346;37.0
2347;37.0
2348;37.0
2349;37.0
2350;37.0
2351;37.0
2352;37.0
2353;37.0
2354;37.0
2355;37.0
2356;37.0
2357;37.0
2358;37.0
2359;37.0
2360;37.0
2361;37.0
2362;37.0
2363;37.0
2364;37.0
2365;37.0
2366;37.0
2367;37.0
2368;37.0
2369;37.0
2370;37.0
2371;-1.0
2372;-1.0
2373;35.5
2374;35.5
2375;-1.0
2376;21.5
2377;21.5
2378;21.5
2379;21.5
2380;23.0
2381;23.0
2382;23.0
2383;23.0
2384;23.0
2385;23.0
2386;23.0
2387;23.0
2388;23.0
2389;23.0
2390;23.0
2391;23.0
2392;23.0
2393;23.0
2394;23.0
2395;23.0
2396;23.0
2397;23.0
2398;23.0
2399;23.0
2400;23.0
2401;23.0
2402;23.0
2403;23.0
2404;23.0
2405;23.0
2406;23.0
2407;23.0
2408;23.0
2409;23.0
2410;23.0
2411;23.0
2412;23.0
2413;23.0
2414;23.0
2415;23.0
2416;-1.0
2417;35.5
2418;-1.0
2419;-1.0
2420;35.5
2421;-1.0
2422;-1.0
2423;35.5
2424;16.5
2425;16.5
2426;16.5
2427;16.5
2428;16.5
2429;16.5
2430;19.5
2431;19.5
2432;19.5
2433;19.5
2434;19.5
2435;19.5
2436;19.5
2437;19.5
2438;19.5
2439;19.5
2440;19.5
2441;19.5
2442;19.5
2443;19.5
2444;19.5
2445;19.5
2446;19.5
2447;19.5
2448;19.5
2449;19.5
2450;19.5
2451;19.5
2452;19.5
2453;19.5
2454;19.5
2455;19.5
2456;19.5
2457;19.5
2458;19.5
2459;19.5
2460;19.5
2461;19.5
2462;19.5
2463;19.5
2464;35.5
2465;-1.0
2466;35.5
2467;35.5
2468;-1.0
2469;-1.0
2470;24.5
2471;24.5
2472;24.5
2473;28.5
2474;30.0
2475;30.0
2476;30.0
2477;30.0
2478;30.0
2479;30.0
2480;30.0
2481;30.0
2482;30.0
2483;30.0
2484;30.0
2485;30.0
2486;30.0
2487;30.0
2488;30.0
2489;30.0
2490;30.0
2491;30.0
2492;30.0
2493;30.0
2494;30.0
2495;30.0
2496;30.0
2497;30.0
2498;30.0
2499;30.0
2500;30.0
2501;30.0
2502;30.0
2503;30.0
2504;30.0
2505;30.0
2506;30.0
2507;30.0
2508;30.0
2509;30.0
2510;30.0
2511;30.0
2512;30.0
2513;30.0
2514;30.0
2515;-1.0
2516;-1.0
2517;-1.0
2518;35.5
2519;35.5
2520;-1.0
2521;35.5
2522;35.5
2523;32.5
2524;32.5
2525;33.0
2526;35.5
2527;35.5
2528;35.5
2529;35.5
2530;35.5
2531;35.5
2532;35.5
2533;35.5
2534;35.5
2535;35.5
2536;35.5
2537;35.5
2538;35.5
2539;35.5
2540;35.5
2541;35.5
2542;35.5
2543;35.5
2544;35.5
2545;35.5
2546;35.5
2547;35.5
2548;35.5
2549;35.5
2550;35.5
2551;35.5
2552;35.5
2553;35.5
2554;35.5
2555;35.5
2556;35.5
2557;35.5
2558;35.5
2559;35.5
2560;35.5
2561;-1.0
2562;35.5
2563;35.5
2564;35.5
2565;16.5
2566;-1.0
2567;16.5
2568;16.5
2569;29.5
2570;29.5
2571;29.5
2572;29.5
2573;29.5
2574;29.5
2575;29.5
2576;29.5
2577;29.5
2578;29.5
2579;29.5
2580;29.5
2581;29.5
2582;29.5
2583;29.5
2584;29.5
2585;29.5
2586;29.5
2587;29.5
2588;29.5
2589;29.5
2590;29.5
2591;29.5
2592;29.5
2593;29.5
2594;29.5
2595;29.5
2596;29.5
2597;29.5
2598;29.5
2599;29.5
2600;29.5
2601;29.5
2602;29.5
2603;29.5
2604;-1.0
2605;35.5
2606;-1.0
2607;35.5
2608;35.5
2609;37.0
2610;37.0
2611;37.0
2612;37.0
2613;37.0
2614;37.0
2615;37.0
2616;37.0
2617;37.0
2618;37.0
2619;37.0
2620;37.0
2621;37.0
2622;37.0
2623;37.0
2624;37.0
2625;37.0
2626;37.0
2627;37.0
2628;37.0
2629;37.0
2630;37.0
2631;37.0
2632;37.0
2633;37.0
2634;37.0
2635;37.0
2636;37.0
2637;37.0
2638;37.0
2639;37.0
2640;37.0
2641;37.0
2642;37.0
2643;37.0
2644;37.0
2645;37.0
2646;37.0
2647;37.0
2648;37.0
2649;37.0
2650;37.0
2651;37.0
2652;37.0
2653;-1.0
2654;-1.0
2655;35.5
2656;-1.0
2657;35.5
2658;35.5
2659;36.5
2660;38.0
2661;38.0
2662;38.0
2663;38.0
2664;38.0
2665;36.5
2666;36.5
2667;36.5
2668;36.5
2669;36.5
2670;36.5
2671;36.5
2672;36.5
2673;36.5
2674;36.5
2675;36.5
2676;36.5
2677;36.5
2678;36.5
2679;36.5
2680;36.5
2681;36.5
2682;36.5
2683;36.5
2684;36.5
2685;36.5
2686;36.5
2687;36.5
2688;36.5
2689;36.5
2690;36.5
2691;36.5
2692;36.5
2693;36.5
2694;36.5
2695;36.5
2696;36.5
2697;36.5
2698;-1.0
2699;-1.0
2700;-1.0
2701;-1.0
2702;35.5
2703;16.5
2704;13.5
2705;16.5
2706;16.5
2707;16.5
2708;16.5
2709;16.5
2710;16.5
2711;16.5
2712;16.5
2713;16.5
2714;16.5
2715;16.5
2716;16.5
2717;16.5
2718;16.5
2719;16.5
2720;16.5
2721;16.5
2722;16.5
2723;16.5
2724;16.5
2725;16.5
2726;16.5
2727;16.5
2728;16.5
2729;16.5
2730;16.5
2731;16.5
2732;16.5
2733;16.5
2734;16.5
2735;16.5
2736;16.5
2737;16.5
2738;16.5
2739;16.5
2740;16.5
2741;16.5
2742;16.5
2743;16.5
2744;16.5
2745;16.5
2746;-1.0
2747;35.5
2748;35.5
2749;-1.0
2750;35.5
2751;36.5
2752;36.5
2753;36.5
2754;36.5
2755;36.5
2756;38.0
2757;38.5
2758;38.5
2759;38.5
2760;38.5
2761;38.5
2762;38.5
2763;38.5
2764;38.5
2765;38.5
2766;38.5
2767;38.5
2768;38.5
2769;38.5
2770;38.5
2771;38.5
2772;38.5
2773;38.5
2774;38.5
2775;38.5
2776;38.5
2777;38.5
2778;38.5
2779;38.5
2780;38.5
2781;38.5
2782;38.5
2783;38.5
2784;38.5
2785;38.5
2786;38.5
2787;38.5
2788;38.5
2789;38.5
2790;38.5
2791;-1.0
2792;35.5
2793;35.5
2794;-1.0
2795;-1.0
2796;-1.0
2797;35.5
2798;-1.0
2799;37.0
2800;35.5
2801;32.5
2802;35.0
2803;35.0
2804;35.0
2805;35.0
2806;35.0
2807;35.0
2808;35.0
2809;35.0
2810;35.0
2811;35.0
2812;35.0
2813;35.0
2814;35.0
2815;35.0
2816;35.0
2817;35.0
2818;35.0
2819;35.0
2820;35.0
2821;35.0
2822;35.0
2823;35.0
2824;35.0
2825;35.0
2826;35.0
2827;35.0
2828;35.0
2829;35.0
2830;35.0
2831;35.0
2832;35.0
2833;35.0
2834;35.0
2835;35.0
2836;35.0
2837;-1.0
2838;-1.0
2839;35.5
2840;-1.0
2841;36.5
2842;36.5
2843;36.5
2844;36.5
2845;36.5
2846;36.5
2847;36.5
2848;36.5
2849;36.5
2850;36.5
2851;36.5
2852;36.5
2853;36.5
2854;36.5
2855;36.5
2856;36.5
2857;36.5
2858;36.5
2859;36.5
2860;36.5
2861;36.5
2862;36.5
2863;36.5
2864;36.5
2865;36.5
2866;36.5
2867;36.5
2868;36.5
2869;36.5
2870;36.5
2871;36.5
2872;36.5
2873;36.5
2874;36.5
2875;36.5
2876;36.5
2877;36.5
2878;36.5
2879;36.5
2880;36.5
2881;36.5
2882;36.5
2883;36.5
2884;-1.0
2885;35.5
2886;35.5
2887;35.5
2888;-1.0
2889;35.5
2890;37.5
2891;-1.0
2892;-1.0
2893;37.5
2894;37.5
2895;37.5
2896;37.5
2897;34.5
2898;34.5
2899;34.5
2900;34.5
2901;34.5
2902;34.5
2903;34.5
2904;34.5
2905;34.5
2906;34.5
2907;34.5
2908;34.5
2909;34.5
2910;34.5
2911;34.5
2912;34.5
2913;34.5
2914;34.5
2915;34.5
2916;34.5
2917;34.5
2918;34.5
2919;34.5
2920;34.5
2921;34.5
2922;34.5
2923;34.5
2924;34.5
2925;34.5
2926;34.5
2927;34.5
2928;34.5
2929;35.5
2930;-1.0
2931;35.5
2932;-1.0
2933;35.5
2934;32.5
2935;32.5
2936;33.0
2937;33.0
2938;33.0
2939;35.5
2940;35.5
2941;35.5
2942;35.5
2943;35.5
2944;35.5
2945;35.5
2946;35.5
2947;35.5
2948;35.5
2949;35.5
2950;35.5
2951;35.5
2952;35.5
2953;35.5
2954;35.5
2955;35.5
2956;35.5
2957;35.5
2958;35.5
2959;35.5
2960;35.5
2961;35.5
2962;35.5
2963;35.5
2964;35.5
2965;35.5
2966;35.5
2967;35.5
2968;35.5
2969;35.5
2970;35.5
2971;35.5
2972;35.5
2973;35.5
2974;35.5
2975;35.5
2976;-1.0
2977;35.5
2978;-1.0
2979;35.5
2980;35.5
2981;35.5
2982;37.5
2983;37.5
2984;37.5
2985;37.5
2986;37.5
2987;37.5
2988;37.5
2989;37.5
2990;37.5
2991;37.5
2992;37.5
2993;37.5
2994;37.5
2995;37.5
2996;37.5
2997;37.5
2998;37.5
2999;37.5
3000;37.5
3001;37.5
3002;37.5
3003;37.5
3004;37.5
3005;37.5
3006;37.5
3007;37.5
3008;37.5
3009;37.5
3010;37.5
3011;37.5
3012;37.5
3013;37.5
3014;37.5
3015;37.5
3016;37.5
3017;37.5
3018;37.5
3019;37.5
3020;37.5
3021;-1.0
3022;35.5
3023;35.5
3024;35.5
3025;35.5
3026;35.5
3027;-1.0
3028;35.5
3029;-1.0
3030;-1.0
3031;35.5
3032;35.5
3033;35.5
3034;35.5
3035;35.5
3036;32.5
3037;34.0
3038;34.0
3039;34.0
3040;34.0
3041;34.0
3042;34.0
3043;34.0
3044;34.0
3045;34.0
3046;34.0
3047;34.0
3048;34.0
3049;34.0
3050;34.0
3051;34.0
3052;34.0
3053;34.0
3054;34.0
3055;34.0
3056;34.0
3057;34.0
3058;34.0
3059;34.0
3060;34.0
3061;34.0
3062;34.0
3063;-1.0
3064;35.5
3065;35.5
3066;35.5
3067;-1.0
3068;-1.0
3069;-1.0
3070;-1.0
3071;35.5
3072;35.5
3073;35.5
3074;35.5
3075;37.0
3076;37.0
3077;37.0
3078;37.0
3079;37.0
3080;37.0
3081;37.0
3082;37.0
3083;37.0
3084;37.0
3085;37.0
3086;37.0
3087;37.0
3088;37.0
3089;37.0
3090;37.0
3091;37.0
3092;37.0
3093;37.0
3094;37.0
3095;37.0
3096;37.0
3097;37.0
3098;37.0
3099;37.0
3100;37.0
3101;37.0
3102;37.0
3103;37.0
3104;37.0
3105;37.0
3106;37.0
3107;37.0
3108;37.0
3109;37.0
3110;35.5
3111;35.5
3112;-1.0
3113;35.5
3114;-1.0
3115;35.5
3116;37.0
3117;37.0
3118;37.0
3119;37.0
3120;37.0
3121;37.0
3122;37.0
3123;37.0
3124;37.0
3125;37.0
3126;37.0
3127;37.0
3128;37.0
3129;37.0
3130;37.0
3131;37.0
3132;37.0
3133;37.0
3134;37.0
3135;37.0
3136;37.0
3137;37.0
3138;37.0
3139;37.0
3140;37.0
3141;37.0
3142;37.0
3143;37.0
3144;37.0
3145;37.0
3146;37.0
3147;37.0
3148;37.0
3149;37.0
3150;37.0
3151;37.0
3152;37.0
3153;37.0
3154;37.0
3155;37.0
3156;37.0
3157;35.5
3158;-1.0
3159;35.5
3160;-1.0
3161;35.5
3162;-1.0
3163;-1.0
3164;37.5
3165;35.5
3166;35.5
3167;35.5
3168;35.5
3169;35.5
3170;35.5
3171;35.5
3172;37.0
3173;37.0
3174;37.5
3175;37.5
3176;37.5
3177;37.5
3178;37.5
3179;37.5
3180;37.5
3181;37.5
3182;37.5
3183;37.5
3184;37.5
3185;37.5
3186;37.5
3187;37.5
3188;37.5
3189;37.5
3190;37.5
3191;37.5
3192;37.5
3193;37.5
3194;37.5
3195;37.5
3196;37.5
3197;37.5
3198;37.5
3199;37.5
3200;37.5
3201;37.5
3202;37.5
3203;37.5
3204;37.5
3205;37.5
3206;37.5
3207;37.5
3208;37.5
3209;-1.0
3210;-1.0
3211;35.5
3212;35.5
3213;-1.0
3214;-1.0
3215;-1.0
3216;-1.0
3217;35.5
3218;32.5
3219;32.5
3220;32.5
3221;34.5
3222;34.5
3223;34.5
3224;34.5
3225;34.5
3226;34.5
3227;34.5
3228;34.5
3229;34.5
3230;34.5
3231;34.5
3232;34.5
3233;34.5
3234;34.5
3235;34.5
3236;34.5
3237;34.5
3238;34.5
3239;34.5
3240;34.5
3241;34.5
3242;34.5
3243;34.5
3244;34.5
3245;34.5
3246;34.5
3247;34.5
3248;34.5
3249;34.5
3250;35.5
3251;-1.0
3252;-1.0
3253;35.5
3254;-1.0
3255;37.5
3256;37.5
3257;-1.0
3258;34.5
3259;34.5
3260;35.0
3261;35.0
3262;34.5
3263;34.5
3264;35.0
3265;35.0
3266;35.0
3267;35.0
3268;35.0
3269;35.0
3270;35.0
3271;35.0
3272;35.0
3273;35.0
3274;35.0
3275;35.0
3276;35.0
3277;35.0
3278;35.0
3279;35.0
3280;35.0
3281;35.0
3282;35.0
3283;35.0
3284;35.0
3285;35.0
3286;35.0
3287;35.0
3288;35.0
3289;35.0
3290;35.0
3291;35.0
3292;35.0
3293;35.0
3294;35.0
3295;35.0
3296;35.0
3297;35.0
3298;35.0
3299;35.5
3300;35.5
3301;35.5
3302;-1.0
3303;-1.0
3304;35.5
3305;37.5
3306;37.0
3307;37.0
3308;37.0
3309;37.5
3310;38.0
3311;38.0
3312;38.0
3313;38.0
3314;38.0
3315;38.0
3316;38.0
3317;38.0
3318;38.0
3319;38.0
3320;38.0
3321;38.0
3322;38.0
3323;38.0
3324;38.0
3325;38.0
3326;38.0
3327;38.0
3328;38.0
3329;38.0
3330;38.0
3331;38.0
3332;38.0
3333;38.0
3334;38.0
3335;38.0
3336;38.0
3337;38.0
3338;38.0
3339;38.0
3340;38.0
3341;38.0
3342;38.0
3343;38.0
3344;38.0
3345;38.0
3346;38.0
3347;38.0
3348;35.5
3349;35.5
3350;-1.0
3351;35.5
3352;35.5
3353;35.5
3354;35.5
3355;-1.0
3356;35.5
3357;35.5
3358;35.5
3359;35.5
3360;35.5
3361;35.5
3362;35.5
3363;35.5
3364;35.5
3365;35.5
3366;35.5
3367;35.5
3368;35.5
3369;35.5
3370;35.5
3371;35.5
3372;35.5
3373;35.5
3374;35.5
3375;35.5
3376;35.5
3377;35.5
3378;35.5
3379;35.5
3380;35.5
3381;35.5
3382;35.5
3383;35.5
3384;35.5
3385;35.5
3386;35.5
3387;35.5
3388;35.5
3389;35.5
3390;35.5
3391;35.5
3392;35.5
3393;35.5
3394;35.5
3395;-1.0
3396;-1.0
3397;-1.0
3398;35.5
3399;-1.0
3400;-1.0
3401;-1.0
3402;35.5
3403;-1.0
3404;35.5
3405;-1.0
3406;35.5
3407;35.5
3408;35.5
3409;35.5
3410;35.5
3411;35.5
3412;35.5
3413;35.5
3414;35.5
3415;35.5
3416;35.5
3417;35.5
3418;35.5
3419;35.5
3420;35.5
3421;35.5
3422;35.5
3423;35.5
3424;35.5
3425;35.5
3426;35.5
3427;35.5
3428;35.5
3429;35.5
3430;35.5
3431;35.5
3432;35.5
3433;35.5
3434;35.5
3435;35.5
3436;35.5
3437;35.5
3438;35.5
3439;35.5
3440;35.5
3441;36.5
3442;37.5
3443;37.5
3444;-1.0
3445;37.5
3446;37.5
3447;37.5
3448;37.5
3449;35.0
3450;37.5
3451;37.5
3452;37.5
3453;37.5
3454;37.5
3455;37.5
3456;37.5
3457;37.5
3458;37.5
3459;37.5
3460;37.5
3461;37.5
3462;37.5
3463;37.5
3464;37.5
3465;37.5
3466;37.5
3467;37.5
3468;37.5
3469;37.5
3470;37.5
3471;37.5
3472;37.5
3473;37.5
3474;37.5
3475;37.5
3476;37.5
3477;37.5
3478;37.5
3479;37.5
3480;37.5
3481;37.5
3482;37.5
3483;-1.0
3484;-1.0
3485;-1.0
3486;-1.0
3487;-1.0
3488;-1.0
3489;33.5
3490;33.5
3491;33.5
3492;33.5
3493;35.0
3494;35.0
3495;35.0
3496;35.0
3497;35.0
3498;35.0
3499;35.0
3500;35.0
3501;35.0
3502;35.0
3503;35.0
3504;35.0
3505;35.0
3506;35.0
3507;35.0
3508;35.0
3509;35.0
3510;35.0
3511;35.0
3512;35.0
3513;35.0
3514;35.0
3515;35.0
3516;35.0
3517;35.0
3518;35.0
3519;35.0
3520;35.0
3521;35.0
3522;35.0
3523;35.0
3524;35.0
3525;35.0
3526;35.0
3527;35.0
3528;-1.0
3529;-1.0
3530;35.5
3531;-1.0
3532;35.5
3533;35.5
3534;-1.0
3535;35.5
3536;37.0
3537;37.0
3538;37.0
3539;37.0
3540;37.0
3541;37.0
3542;37.0
3543;37.0
3544;37.0
3545;37.0
3546;37.0
3547;37.0
3548;37.0
3549;37.0
3550;37.0
3551;37.0
3552;37.0
3553;37.0
3554;37.0
3555;37.0
3556;37.0
3557;37.0
3558;37.0
3559;37.0
3560;37.0
3561;37.0
3562;37.0
3563;37.0
3564;37.0
3565;37.0
3566;37.0
3567;37.0
3568;37.0
3569;37.0
3570;37.0
3571;37.0
3572;37.0
3573;-1.0
3574;35.5
3575;-1.0
3576;35.5
3577;35.5
3578;35.5
3579;35.5
3580;35.5
3581;35.5
3582;35.5
3583;35.5
3584;35.5
3585;35.5
3586;35.5
3587;35.5
3588;35.5
3589;35.5
3590;35.5
3591;35.5
3592;35.5
3593;35.5
3594;35.5
3595;35.5
3596;35.5
3597;35.5
3598;35.5
3599;35.5
3600;35.5
3601;35.5
3602;35.5
3603;35.5
3604;35.5
3605;35.5
3606;35.5
3607;35.5
3608;35.5
3609;35.5
3610;35.5
3611;35.5
3612;35.5
3613;35.5
3614;35.5
3615;35.5
3616;-1.0
3617;-1.0
3618;35.5
3619;35.5
3620;34.5
3621;34.5
3622;34.5
3623;34.5
3624;34.5
3625;34.5
3626;34.5
3627;34.5
3628;34.5
3629;34.5
3630;34.5
3631;34.5
3632;34.5
3633;34.5
3634;34.5
3635;34.5
3636;34.5
3637;34.5
3638;34.5
3639;34.5
3640;34.5
3641;34.5
3642;34.5
3643;34.5
3644;34.5
3645;34.5
3646;34.5
3647;34.5
3648;34.5
3649;34.5
3650;34.5
3651;34.5
3652;34.5
3653;34.5
3654;34.5
3655;34.5
3656;34.5
3657;34.5
3658;34.5
3659;34.5
3660;34.5
3661;34.5
3662;34.5
3663;34.5
3664;34.5
3665;34.5
3666;35.5
3667;35.5
3668;-1.0
3669;35.5
3670;-1.0
3671;35.5
3672;35.5
3673;37.0
3674;35.5
3675;35.5
3676;35.5
3677;35.5
3678;35.5
3679;35.5
3680;35.5
3681;35.5
3682;35.5
3683;35.5
3684;35.5
3685;35.5
3686;35.5
3687;35.5
3688;35.5
3689;35.5
3690;35.5
3691;35.5
3692;35.5
3693;35.5
3694;35.5
3695;35.5
3696;35.5
3697;35.5
3698;35.5
3699;35.5
3700;35.5
3701;35.5
3702;35.5
3703;35.5
3704;35.5
3705;35.5
3706;35.5
3707;-1.0
3708;-1.0
3709;-1.0
3710;-1.0
3711;35.5
3712;35.5
3713;-1.0
3714;35.5
3715;34.5
3716;34.5
3717;16.5
3718;16.5
3719;16.5
3720;21.5
3721;18.5
3722;18.5
3723;18.5
3724;18.5
3725;19.0
3726;19.0
3727;19.0
3728;19.0
3729;19.0
3730;19.0
3731;19.0
3732;19.0
3733;19.0
3734;19.0
3735;19.0
3736;19.0
3737;19.0
3738;19.0
3739;19.0
3740;19.0
3741;19.0
3742;19.0
3743;19.0
3744;19.0
3745;19.0
3746;19.0
3747;19.0
3748;19.0
3749;19.0
3750;19.0
3751;19.0
3752;19.0
3753;35.5
3754;35.5
3755;-1.0
3756;35.5
3757;-1.0
3758;35.5
3759;35.5
3760;35.5
3761;35.5
3762;35.5
3763;37.0
3764;37.0
3765;37.0
3766;37.0
3767;37.0
3768;37.0
3769;37.0
3770;37.0
3771;37.0
3772;37.0
3773;37.0
3774;37.0
3775;37.0
3776;37.0
3777;37.0
3778;37.0
3779;37.0
3780;37.0
3781;37.0
3782;37.0
3783;37.0
3784;37.0
3785;37.0
3786;37.0
3787;37.0
3788;37.0
3789;37.0
3790;37.0
3791;37.0
3792;37.0
3793;-1.0
3794;-1.0
3795;35.5
3796;35.5
3797;-1.0
3798;-1.0
3799;-1.0
3800;33.5
3801;33.5
3802;35.0
3803;35.0
3804;33.5
3805;33.5
3806;33.5
3807;33.5
3808;33.5
3809;33.5
3810;33.5
3811;33.5
3812;33.5
3813;33.5
3814;33.5
3815;33.5
3816;33.5
3817;33.5
3818;33.5
3819;33.5
3820;33.5
3821;33.5
3822;33.5
3823;33.5
3824;33.5
3825;33.5
3826;33.5
3827;33.5
3828;33.5
3829;33.5
3830;33.5
3831;33.5
3832;33.5
3833;33.5
3834;33.5
3835;33.5
3836;33.5
3837;33.5
3838;33.5
3839;33.5
3840;33.5
3841;33.5
3842;33.5
3843;33.5
3844;33.5
3845;33.5
3846;33.5
3847;35.5
3848;-1.0
3849;-1.0
3850;-1.0
3851;-1.0
3852;-1.0
3853;35.5
3854;35.5
3855;35.5
3856;35.5
3857;35.5
3858;35.5
3859;35.5
3860;35.5
3861;35.5
3862;35.5
3863;35.5
3864;35.5
3865;35.5
3866;35.5
3867;35.5
3868;35.5
3869;35.5
3870;35.5
3871;35.5
3872;35.5
3873;35.5
3874;35.5
3875;35.5
3876;35.5
3877;35.5
3878;35.5
3879;35.5
3880;35.5
3881;35.5
3882;35.5
3883;35.5
3884;35.5
3885;35.5
3886;35.5
3887;35.5
3888;35.5
3889;35.5
3890;35.5
3891;35.5
3892;35.5
3893;35.5
3894;-1.0
3895;35.5
3896;-1.0
3897;-1.0
3898;-1.0
3899;35.5
3900;-1.0
3901;35.5
3902;35.5
3903;32.5
3904;32.5
3905;32.5
3906;35.5
3907;35.5
3908;35.5
3909;35.5
3910;35.5
3911;35.5
3912;35.5
3913;35.5
3914;35.5
3915;35.5
3916;35.5
3917;35.5
3918;35.5
3919;35.5
3920;35.5
3921;35.5
3922;35.5
3923;35.5
3924;35.5
3925;35.5
3926;35.5
3927;35.5
3928;35.5
3929;35.5
3930;35.5
3931;35.5
3932;35.5
3933;35.5
3934;35.5
3935;35.5
3936;35.5
3937;35.5
3938;35.5
3939;35.5
3940;-1.0
3941;35.5
3942;-1.0
3943;-1.0
3944;-1.0
3945;-1.0
3946;-1.0
3947;-1.0
3948;-1.0
3949;35.5
3950;32.5
3951;32.5
3952;32.5
3953;35.5
3954;32.5
3955;32.5
3956;32.5
3957;35.5
3958;35.5
3959;35.5
3960;35.5
3961;35.5
3962;35.5
3963;35.5
3964;35.5
3965;35.5
3966;35.5
3967;35.5
3968;35.5
3969;35.5
3970;35.5
3971;35.5
3972;35.5
3973;35.5
3974;35.5
3975;35.5
3976;35.5
3977;35.5
3978;35.5
3979;35.5
3980;35.5
3981;35.5
3982;35.5
3983;35.5
3984;35.5
3985;35.5
3986;35.5
3987;35.5
3988;-1.0
3989;-1.0
3990;35.5
3991;-1.0
3992;-1.0
3993;-1.0
3994;35.5
3995;35.5
3996;33.5
3997;34.5
3998;34.5
3999;34.5
4000;34.5
4001;34.5
4002;34.5
4003;34.5
4004;34.5
4005;34.5
4006;34.5
4007;34.5
4008;34.5
4009;34.5
4010;34.5
4011;34.5
4012;34.5
4013;34.5
4014;34.5
4015;34.5
4016;34.5
4017;34.5
4018;34.5
4019;34.5
4020;34.5
4021;34.5
4022;34.5
4023;34.5
4024;34.5
4025;34.5
4026;34.5
4027;34.5
4028;34.5
4029;34.5
4030;34.5
4031;34.5
4032;35.5
4033;35.5
4034;-1.0
4035;-1.0
4036;-1.0
4037;-1.0
4038;-1.0
4039;-1.0
4040;35.5
4041;35.5
4042;35.5
4043;35.5
4044;35.5
4045;35.5
4046;32.5
4047;35.5
4048;35.5
4049;35.5
4050;35.5
4051;35.5
4052;35.5
4053;35.5
4054;35.5
4055;35.5
4056;35.5
4057;35.5
4058;35.5
4059;35.5
4060;35.5
4061;35.5
4062;35.5
4063;35.5
4064;35.5
4065;35.5
4066;35.5
4067;35.5
4068;35.5
4069;35.5
4070;35.5
4071;35.5
4072;-1.0
4073;-1.0
4074;35.5
4075;-1.0
4076;-1.0
4077;-1.0
4078;-1.0
4079;35.5
4080;-1.0
4081;35.5
4082;35.5
4083;35.5
4084;35.5
4085;35.5
4086;35.5
4087;35.5
4088;35.5
4089;35.5
4090;35.5
4091;35.5
4092;35.5
4093;35.5
4094;35.5
4095;35.5
4096;35.5
4097;35.5
4098;35.5
4099;35.5
4100;35.5
4101;35.5
4102;35.5
4103;35.5
4104;35.5
4105;35.5
4106;35.5
4107;35.5
4108;35.5
4109;35.5
4110;35.5
4111;35.5
4112;35.5
4113;35.5
4114;35.5
4115;35.5
4116;35.5
4117;35.5
4118;35.5
4119;35.5
4120;35.5
4121;35.5
4122;35.5
4123;35.5
4124;35.5
4125;35.5
4126;-1.0
4127;35.5
4128;36.5
4129;-1.0
4130;36.5
4131;36.5
4132;36.5
4133;36.5
4134;36.5
4135;36.5
4136;36.5
4137;36.5
4138;36.5
4139;36.5
4140;36.5
4141;36.5
4142;36.5
4143;36.5
4144;36.5
4145;36.5
4146;36.5
4147;36.5
4148;36.5
4149;36.5
4150;36.5
4151;36.5
4152;36.5
4153;36.5
4154;36.5
4155;36.5
4156;36.5
4157;36.5
4158;36.5
4159;36.5
4160;36.5
4161;36.5
4162;36.5
4163;36.5
4164;36.5
4165;36.5
4166;36.5
4167;35.5
4168;-1.0
4169;35.5
4170;-1.0
4171;-1.0
4172;35.5
4173;-1.0
4174;35.5
4175;35.5
4176;35.5
4177;35.5
4178;35.5
4179;35.5
4180;35.5
4181;35.5
4182;35.5
4183;35.5
4184;35.5
4185;35.5
4186;35.5
4187;35.5
4188;35.5
4189;35.5
4190;35.5
4191;35.5
4192;35.5
4193;35.5
4194;35.5
4195;35.5
4196;35.5
4197;35.5
4198;35.5
4199;35.5
4200;35.5
4201;35.5
4202;35.5
4203;35.5
4204;35.5
4205;35.5
4206;35.5
4207;35.5
4208;-1.0
4209;-1.0
4210;-1.0
4211;-1.0
4212;-1.0
4213;35.5
4214;35.5
4215;35.5
4216;35.5
4217;35.5
4218;35.5
4219;35.5
4220;35.5
4221;35.5
4222;35.5
4223;35.5
4224;35.5
4225;35.5
4226;35.5
4227;35.5
4228;35.5
4229;35.5
4230;35.5
4231;35.5
4232;35.5
4233;35.5
4234;35.5
4235;35.5
4236;35.5
4237;35.5
4238;35.5
4239;35.5
4240;35.5
4241;35.5
4242;35.5
4243;35.5
4244;35.5
4245;35.5
4246;35.5
4247;35.5
4248;35.5
4249;35.5
4250;35.5
4251;35.5
4252;35.5
4253;35.5
4254;35.5
4255;-1.0
4256;-1.0
4257;-1.0
4258;-1.0
4259;-1.0
4260;35.5
4261;35.5
4262;35.5
4263;35.5
4264;35.5
4265;35.5
4266;35.5
4267;35.5
4268;35.5
4269;35.5
4270;35.5
4271;35.5
4272;35.5
4273;35.5
4274;35.5
4275;35.5
4276;35.5
4277;35.5
4278;35.5
4279;35.5
4280;35.5
4281;35.5
4282;35.5
4283;35.5
4284;35.5
4285;35.5
4286;35.5
4287;35.5
4288;35.5
4289;35.5
4290;35.5
4291;35.5
4292;35.5
4293;-1.0
4294;35.5
4295;35.5
4296;35.5
4297;-1.0
4298;-1.0
4299;-1.0
4300;35.5
4301;35.5
4302;35.5
4303;35.5
4304;35.5
4305;35.5
4306;35.5
4307;35.5
4308;35.5
4309;35.5
4310;35.5
4311;35.5
4312;35.5
4313;35.5
4314;35.5
4315;35.5
4316;35.5
4317;35.5
4318;35.5
4319;35.5
4320;35.5
4321;35.5
4322;35.5
4323;35.5
4324;35.5
4325;35.5
4326;35.5
4327;35.5
4328;35.5
4329;35.5
4330;-1.0
4331;-1.0
4332;35.5
4333;-1.0
4334;-1.0
4335;35.5
4336;36.5
4337;36.5
4338;36.5
4339;36.5
4340;36.5
4341;36.5
4342;36.5
4343;37.5
4344;37.5
4345;37.5
4346;37.5
4347;37.5
4348;37.5
4349;37.5
4350;37.5
4351;37.5
4352;37.5
4353;37.5
4354;37.5
4355;37.5
4356;37.5
4357;37.5
4358;37.5
4359;37.5
4360;37.5
4361;37.5
4362;37.5
4363;37.5
4364;37.5
4365;37.5
4366;37.5
4367;37.5
4368;37.5
4369;37.5
4370;37.5
4371;37.5
4372;37.5
4373;37.5
4374;37.5
4375;37.5
4376;37.5
4377;37.5
4378;37.5
4379;37.5
4380;35.5
4381;-1.0
4382;-1.0
4383;-1.0
4384;-1.0
4385;-1.0
4386;35.5
4387;-1.0
4388;-1.0
4389;35.5
4390;-1.0
4391;35.5
4392;26.0
4393;26.0
4394;26.0
4395;26.0
4396;26.0
4397;26.0
4398;26.0
4399;26.0
4400;26.0
4401;26.0
4402;26.0
4403;26.0
4404;26.0
4405;26.0
4406;26.0
4407;26.0
4408;26.0
4409;26.0
4410;26.0
4411;26.0
4412;26.0
4413;26.0
4414;26.0
4415;26.0
4416;26.0
4417;26.0
4418;26.0
4419;26.0
4420;26.0
4421;26.0
4422;26.0
4423;26.0
4424;26.0
4425;26.0
4426;26.0
4427;26.0
4428;26.0
4429;-1.0
4430;35.5
4431;-1.0
4432;-1.0
4433;35.5
4434;-1.0
4435;35.5
4436;-1.0
4437;36.5
4438;36.5
4439;36.5
4440;36.5
4441;38.0
4442;38.0
4443;38.0
4444;38.0
4445;38.0
4446;38.0
4447;38.0
4448;38.0
4449;38.0
4450;38.0
4451;38.0
4452;38.0
4453;38.0
4454;38.0
4455;38.0
4456;38.0
4457;38.0
4458;38.0
4459;38.0
4460;38.0
4461;38.0
4462;38.0
4463;38.0
4464;38.0
4465;38.0
4466;38.0
4467;38.0
4468;38.0
4469;38.0
4470;38.0
4471;38.0
4472;38.0
4473;38.0
4474;38.0
4475;38.0
4476;38.0
4477;38.0
4478;38.0
4479;38.0
4480;38.0
4481;38.0
4482;38.0
4483;-1.0
4484;35.5
4485;35.5
4486;35.5
4487;-1.0
4488;35.5
4489;-1.0
4490;-1.0
4491;-1.0
4492;35.5
4493;35.5
4494;35.5
4495;35.5
4496;36.0
4497;36.0
4498;36.0
4499;36.0
4500;36.0
4501;36.0
4502;36.0
4503;36.0
4504;36.0
4505;36.0
4506;36.0
4507;36.0
4508;36.0
4509;36.0
4510;36.0
4511;36.0
4512;36.0
4513;36.0
4514;36.0
4515;36.0
4516;36.0
4517;36.0
4518;36.0
4519;36.0
4520;36.0
4521;36.0
4522;36.0
4523;36.0
4524;36.0
4525;36.0
4526;36.0
4527;35.5
4528;-1.0
4529;35.5
4530;-1.0
4531;-1.0
4532;-1.0
4533;24.5
4534;34.5
4535;34.5
4536;36.0
4537;36.0
4538;36.0
4539;36.0
4540;36.0
4541;36.0
4542;36.0
4543;36.0
4544;36.0
4545;36.0
4546;36.0
4547;36.0
4548;36.0
4549;36.0
4550;36.0
4551;36.0
4552;36.0
4553;36.0
4554;36.0
4555;36.0
4556;36.0
4557;36.0
4558;36.0
4559;36.0
4560;36.0
4561;36.0
4562;36.0
4563;36.0
4564;36.0
4565;36.0
4566;36.0
4567;36.0
4568;36.0
4569;36.0
4570;36.0
4571;36.0
4572;36.0
4573;36.0
4574;36.0
4575;36.0
