0,2, 	-    	0,3, 	0,   	-    	0,   	-    	-    	-    	0,2, 	3,   	2,   	-    	2,   	-    	2,3, 	-    	-    	-    	0,   	
-    	0,2,1,	1,   	2,   	-    	-    	3,   	-    	3,   	-    	2,   	-    	-    	3,   	3,   	1,   	2,   	2,   	1,3, 	2,   	
-    	-    	-    	3,1, 	-    	-    	2,   	3,   	0,2, 	3,   	-    	1,3, 	0,   	-    	-    	-    	-    	3,   	0,2, 	1,3, 	
1,3, 	3,   	2,   	-    	0,1,2,3,	3,   	1,   	0,1, 	-    	-    	0,1, 	0,   	-    	-    	0,2, 	-    	-    	1,   	-    	-    	
-    	-    	-    	-    	-    	1,2, 	0,   	2,   	1,   	1,   	-    	-    	1,2,3,	0,1, 	1,   	0,   	0,1,3,	0,   	-    	-    	

+-+                 
 +++                
   +                
+++-++              
     +++++          

1,6	1,6	3,2	4,2	4,2	5,2	5,2	5,2	5,2	6,8	7,4	8,0	8,0	8,6	8,6	9,8	9,8	9,8	9,8	10,8	
0,0	2,1	2,6	3,4	3,4	3,4	3,8	3,8	4,2	4,2	5,0	5,0	5,0	5,4	5,8	6,3	7,1	7,9	8,8	9,6	
0,0	0,0	0,0	1,0	1,0	1,0	1,3	2,1	3,2	4,0	4,0	5,0	5,8	5,8	5,8	5,8	5,8	6,6	7,7	8,7	
1,4	2,0	2,6	2,6	5,6	6,2	7,0	8,8	8,8	8,8	10,6	11,6	11,6	11,6	13,2	13,2	13,2	14,0	14,0	14,0	
0,0	0,0	0,0	0,0	0,0	0,8	1,0	1,6	1,8	2,0	2,0	2,0	3,2	3,6	3,8	4,0	4,8	5,0	5,0	5,0	

