1,2, 	2,1, 	3,   	2,0, 	1,3, 	2,3,1,	0,   	-    	-    	0,2, 	3,   	1,3, 	-    	-    	-    	0,   	0,   	-    	-    	-    	
3,   	3,   	-    	1,   	0,   	0,   	2,   	-    	3,   	-    	-    	0,2, 	2,3, 	1,   	1,   	-    	-    	2,   	-    	0,   	
-    	-    	-    	-    	-    	-    	-    	-    	1,   	3,   	-    	-    	-    	0,2, 	2,   	1,2, 	2,   	-    	0,   	1,   	
0,   	0,   	0,1,2,	3,   	2,   	-    	1,3, 	0,1, 	-    	-    	-    	-    	1,   	3,   	0,3, 	3,   	1,   	-    	2,   	3,   	
-    	-    	-    	-    	-    	-    	-    	2,3, 	0,2, 	1,   	0,1,2,	-    	0,   	-    	-    	-    	3,   	0,1,3,	1,3, 	2,   	

++                  
++-++++             
        ++          
+++++-+             
       +++          

1,4	2,8	3,4	5,0	6,4	8,4	9,4	9,4	9,4	11,0	11,6	13,0	13,0	13,0	13,0	14,0	15,0	15,0	15,0	15,0	
0,4	0,8	0,8	1,3	2,1	2,9	3,7	3,7	4,1	4,1	4,1	5,7	6,9	7,4	7,9	7,9	7,9	8,7	8,7	9,5	
0,0	0,0	0,0	0,0	0,0	0,0	0,0	0,0	0,2	1,0	1,0	1,0	1,0	2,1	2,4	2,9	3,2	3,2	4,0	4,2	
1,0	2,0	4,4	5,0	5,6	5,6	7,0	8,8	8,8	8,8	8,8	8,8	9,6	10,2	11,8	12,4	13,2	13,2	13,8	14,4	
0,0	0,0	0,0	0,0	0,0	0,0	0,0	1,0	1,8	2,0	3,0	3,0	3,2	3,2	3,2	3,2	3,6	4,4	5,0	5,6	

